0.0350389480591
0.0292160511017
0.0245988368988
0.0225400924683
0.0219759941101
0.020959854126
0.0241410732269
0.0254831314087
0.0271761417389
0.02987408638
0.0331828594208
0.0372490882874
0.0426239967346
0.0449779033661
0.0538020133972
0.0546867847443
0.0579869747162
0.0625829696655
0.0673739910126
0.0729520320892
0.077141046524
0.0823369026184
0.0871970653534
0.092747926712
0.0984289646149
0.104730129242
0.110266923904
0.118618011475
0.119498968124
0.12714099884
0.133816957474
0.139084815979
0.146735906601
0.152801990509
0.159528017044
0.165588140488
0.173115968704
0.17910695076
0.188163042068
0.195153951645
0.201489210129
0.209002971649
0.217390060425
0.225294113159
0.23260307312
0.241328954697
0.249922037125
0.256155967712
0.264453887939
0.272964000702
0.280244827271
0.290275812149
0.297681093216
0.305250883102
0.31481218338
0.324585914612
0.334578037262
0.34255695343
0.35275387764
0.361289978027
0.370346069336
0.38011097908
0.389708042145
0.398545026779
0.408770084381
0.41882109642
0.429201126099
0.438451051712
0.448127031326
0.457929134369
0.470778942108
0.480813026428
0.489273071289
0.501556873322
0.51118683815
0.521610975266
0.531234025955
0.542168855667
0.55571603775
0.563695192337
0.57440495491
0.584681987762
0.598844051361
0.606950998306
0.619472980499
0.629773855209
0.639328956604
0.650265932083
0.663285017014
0.672070980072
