Dictionary size = 393954
Testset size = 716
Number of misspell words in Dict = 175
Number of correct words not in Dict = 122
Number of items mis in Dict and cor not in Dict = 22
Number of items mis in Dict or cor not in Dict = 275

Line number set of misspell words in Dict
513	4	5	6	9	14	685	533	534	26	541	542	517	32	546	547	37	551	41	42	556	46	560	49	55	568	569	570	575	576	578	69	71	584	73	74	587	76	80	84	85	598	90	603	95	610	612	619	621	623	112	625	626	629	630	632	122	124	127	130	131	132	133	647	138	652	706	143	656	145	658	663	153	154	158	624	675	164	165	679	169	170	684	173	176	184	185	702	194	709	199	714	208	212	213	634	231	233	237	238	240	242	673	639	259	263	268	270	272	274	278	670	644	282	287	293	294	299	300	301	303	305	308	602	319	320	322	329	337	341	345	655	348	352	367	371	372	374	592	378	381	382	383	389	390	391	399	666	417	420	421	428	429	430	434	437	438	442	586	636	450	455	475	479	480	481	483	489	493	500	681	505	507	508	597	

Line number set of correct words not in Dict
526	20	26	27	548	550	553	554	43	45	48	50	51	53	569	58	571	60	608	578	68	71	590	81	82	86	87	607	96	97	105	108	110	114	627	116	120	123	128	131	135	620	651	141	654	143	144	660	668	165	167	168	172	626	174	175	690	697	188	713	202	211	213	216	225	231	236	238	245	250	252	640	262	265	268	281	283	290	291	293	301	302	677	649	316	322	653	340	341	347	352	353	354	355	572	362	363	369	370	385	392	401	416	417	430	431	433	438	440	447	454	458	460	461	465	466	473	479	480	498	499	509	

