0.229784965515
0.251038789749
0.290892124176
0.323527097702
0.366768121719
0.499962091446
0.513041973114
0.554506063461
0.589395046234
0.648735046387
0.664004087448
0.663079023361
0.683183908463
0.763185977936
0.718224048615
0.820566892624
0.940675020218
0.91720199585
0.854688882828
0.844631910324
0.901463985443
0.953842163086
1.00299501419
1.02384090424
1.09039020538
1.14712691307
1.20843791962
1.11313390732
1.24930500984
1.31442594528
1.25788378716
1.29133677483
1.2280189991
1.26928210258
1.23973011971
1.27029705048
1.26732301712
1.2646958828
1.25831604004
1.3971850872
1.62129807472
1.48880004883
1.49041104317
1.67197418213
1.34998512268
1.37046289444
1.36418700218
1.35624599457
1.51907491684
1.37914919853
1.32871508598
1.30117797852
1.2798140049
1.35355687141
1.35525202751
1.33274197578
1.41902685165
1.34291982651
1.41790795326
1.4430680275
1.34223389626
1.62505412102
1.38944578171
1.76637101173
1.45569682121
1.47638607025
1.38815498352
1.44789195061
1.41506195068
1.25091004372
1.28387498856
1.28769493103
1.3350019455
1.37684106827
1.35913395882
1.46149206161
1.39062309265
1.49917912483
1.42178702354
1.38904809952
1.53707814217
1.51891708374
1.48756098747
1.38453578949
1.55395293236
1.55963397026
1.43471288681
1.32238388062
1.25938892365
1.48997998238
1.42650413513
1.66079807281
1.88996887207
1.59496307373
1.37811589241
1.28709411621
1.58496785164
1.39161300659
1.28661894798
